-4.619291846059845 3996319679850899
-3.0910786190395996 4004615255429714
-1.5629363034957038 4004615255429714
-0.0347939879518151 4004615255429714
1.3408886534194835 4046352149153693
3.3272609291974646 4021258102294581
4.854694129977759 3938729823348678.5
6.2269552926147185 3600860445885888
7.598826442131703 3254641984446538
9.123352272381268 2928018788955562.5
10.495382972720058 2658869895714015
11.71390805460996 2366135987505637.5
13.086169217246919 2163165758790850.5
14.612467834405464 2049626985026992.5
16.13763186794226 1878670642396136.8
17.662512255573624 1707749489975501.2
19.188456315350372 1601423938111770.5
20.56135568127457 1491631673427937
21.933226830791554 1348213057025164.5
23.458674510233784 1246053387933699.5
24.984689481486896 1170898845654859.5
26.510420806834574 1091188555360143.8
28.036010309229525 1012695955181266.8
29.561883457529916 947677678394668
31.087685694353937 884996700686266.2
32.613417019701615 824749528880310
34.139006522096565 765422719869970.8
35.66452511301516 708891952878350.1
37.190398261315565 663378851963683.2
38.716909612903194 632482305633263.4
40.24342096449081 603024750872023
41.76879773245669 556176562639085.2
43.14098798361728 507413720919207.75
44.35951306550719 451548933460945.8
45.73246561503865 421245750932886.8
47.259260612531705 404971624292089.44
48.785133760832096 378971167763920.4
50.31065235175069 350982018467378.6
51.83602911971657 323714693794952.75
53.36239864835147 307360475399778.25
54.89004458356085 302931188683309.2
56.41605955481397 284660177948181.44
57.942358171972515 269719128048377.88
59.469862284229166 264732075948413.75
60.998004599773054 264732075948413.75
62.525792357935146 262001444972189.28
64.05202006361733 247735441074696.94
65.57888597258676 238658978685857.34
67.10695737665428 238164595712969.5
68.63361055119462 228015888981173.1
70.16005099130591 216945823249260.47
71.68762601503892 213376549201379.5
73.21449192400834 205558918364688.88
74.74071962969053 194366215473808.88
76.26630913208548 180384846658561.53
77.79225319186223 169153973230456.38
79.32011186150068 167756710017409.6
80.84690685899373 161275709466968.88
82.37313456467594 152494231563017.47
83.9009932343144 151234582877884.03
85.4285682580474 148746414801064.53
86.95451231782415 139485369938037.53
88.48187460712809 136339697266797.03
90.00973327676654 135213489943193.17
91.53596098244873 127851102400911.16
93.06282689141817 123166929166433.25
94.59160741024927 125487161388181.17
96.11826058478964 120139882983001.23
97.64441737899544 113362935578109.69
99.17036143877222 106304888272583.62
100.08582859857135 101986272815905.75