-4.601351242540929 6753142070942762
-3.0701597335135915 7382962178770169
-1.540244631060709 7775799207402015
-0.012102315516820283 7775799207402015
1.516110911503425 7791940240947436
3.0434022893310058 7600439461253414
4.568779057296879 7009971461359634
6.09401400231004 6438617774225787
7.61910712437048 5889357078771700
9.144483892336353 5431820785944085
10.670782509494899 5146719069242586
12.198428444704277 5072551125634536
13.72586164548457 4968447160254934
15.25272755445399 4786414571032492
16.777607942085353 4350947344376756.5
18.30376473629118 4105515597797929.5
19.831623405929633 4071602791578591
21.358631137851773 3938729823348678.5
22.885709781250277 3818102253984705.5
24.413355716459648 3763080639466122.5
25.9396543336182 3565566621114448
27.46460563272592 3247899981322179
28.99168427612443 3148429771925804
30.518762919522928 3052005937914848
32.0449906252051 2885823920826794.5
33.57228200303268 2814899669124526
35.099786115289334 2762852743837192
36.624666502920704 2511488846255407.5
38.150468739744724 2345374797168914.5
39.67761829461959 2278264764927585.5
41.204767849494445 2213075004206556.2
42.73120828960572 2105631238442310.8
44.256159588713444 1918034463164967.8
45.782529117348346 1821134461091104
47.310671432892235 1821134461091104
48.838813748436124 1821134461091104
50.36667241807457 1806091337126007.5
51.894105618854866 1769024925102600.5
53.420616970442495 1686633452422533.2
54.946206472837446 1565308641436382
56.47385240804684 1542751411969351.5
58.00199472359073 1542751411969351.5
59.52971157027646 1523675548125582.2
61.05565563005321 1428810555065008.2
62.58124513244816 1326031750174535.5
64.10889106765752 1306922673742294.5
65.63703338320141 1306922673742294.5
67.1651756987453 1306922673742294.5
68.69331801428919 1306922673742294.5
70.22117668392767 1296127095374005.5
71.74669527484626 1200400829458406.2
73.27349027233932 1154025346560214
74.8016325878832 1154025346560214
76.3297749034271 1154025346560214
77.85749175011283 1139756015667079.2
79.38265578364962 1044690659212771
80.90923804671361 998102274141859.1
82.43738036225751 998102274141859.1
83.96566450075412 1002250303913632
85.49366499334529 998102274141859.1
87.0193254072166 928228489657259.4
88.54619131618601 894220311666758.8
90.07383725139539 881333950325370.5
91.60247594727379 894220311666758.8
93.12983823657775 874053864119407.8
94.65493135863817 799490743570093
96.1826482053239 789605173898677.9
97.71086143234415 791244239319426.2
99.23801098721903 768603752828486.9
100.1539036158763 746611096177025.8