-4.6104988229912856 5168108404262933
-3.231483342231101 5756540356687523
-1.8537442680453822 6177050176618083
-0.32553104102512975 6189872520849609
1.202611274518766 6189872520849609
2.729831740869983 6025238190328052
4.254641217024982 5465717233738598
5.779592516132702 4978760681751989
7.305040195574932 4601499431326428
8.830842432398967 4297148606298279
10.356431934793925 3988041288588127.5
11.882092348665232 3708851926201316
13.407469116631106 3420716169061145
14.932987707549707 3168077066931376.5
16.45978270504277 3045683696123795
17.986435879583112 2915900549568184
19.511954470501706 2700544916322298
21.037827618802098 2527161408719892.5
22.56412623596065 2394517478737482.5
24.09085032197735 2297240670840879
25.61757440799405 2203915714387666.5
27.14472396286891 2140853360844743.2
28.670668022645657 2007562490967566.2
30.196895728327846 1898250520097929.2
31.724328929108154 1859292725187312.8
33.25126574955394 1794890596563880.2
34.77671342899616 1658884326304982.2
36.30272840024928 1558830272887783
37.82916884036054 1483149785607408.2
39.356247483759034 1437726829054269.2
40.88226245501215 1351011682812608
42.40735557707258 1235760608360144.5
43.93415057456565 1188019059410097.5
45.46144195239323 1158821379611063.2
46.98880424169717 1132687651419275
48.362199987955876 1070457616680956.1
49.734425694854664 977618221439563.5
51.26185889563496 957554562945341.5
52.78950483084432 943755509243229.8
54.315236156192 879508263729089.6
55.842031153685056 845529929623981
57.36946435446535 828177119106968.9
58.89760667000924 828177119106968.9
60.425110782265904 812864291756274.5
61.95070028466087 754392424965614.4
63.477778928059365 731288396852094.5
65.00592124360325 731288396852094.5
66.53406355914714 731288396852094.5
68.06163858288015 719256965883261.9
69.5879372000387 681505095229968.9
71.11494493196084 659264810628948.9
72.64308724750472 659264810628948.9
74.17122956304861 659264810628948.9
75.69873367530529 647075137682614.4
77.22446500065296 603024750872023
78.75211093586233 594334728138080.2
80.27968595959534 584556510290298.4
81.80534637346666 543633674347246.8
83.33228319391243 524803306570808.8
84.86042550945632 524803306570808.8
86.38870964795294 526984345324429.75
87.9165683175914 522631294518048.9
89.4422287314627 486043634731922.4
90.96959102076664 475082383530554.1
92.49815880516867 481030242229180
94.02438651085087 454838099238586.6
95.55153606572576 441823463138067.56
97.08074205341502 455782253893526.4
98.60696975909723 430964866298037.75
99.826528966684 395291865104983.9