-4.627104830577544 2.3180417996215104
-3.324216429765311 2.3569474949235425
-1.8765626510850524 2.388795878054508
-0.4289088724047936 2.4119583385133923
1.0187449062754652 2.439463760308317
2.466398684955724 2.460454740099181
3.914052463635983 2.4619023938778613
5.361706242316242 2.45683560565248
6.809360020996504 2.437292279640297
8.112248421808733 2.4085201607890268
9.270371444752943 2.37232881632202
10.573259845565172 2.339575649579379
12.020913624245434 2.3113464008951143
13.468567402925697 2.283117152210849
14.916221181605952 2.257783211083945
16.363874960286214 2.241859019518462
17.81152873896647 2.2317254430677
19.25918251764673 2.2237633472849585
20.706836296326987 2.2129059439448566
22.15449007500725 2.2020485406047547
23.602143853687505 2.1940864448220134
25.049797632367767 2.1897434834859726
26.497451411048022 2.17671459947785
27.945105189728285 2.1680286768057684
29.39275896840854 2.164409542359068
30.840412747088802 2.1571712734656665
32.288066525769054 2.148485350793585
33.735720304449316 2.137627947453483
35.18337408312958 2.1289420247814017
36.63102786180984 2.1289420247814017
38.07868164049009 2.1289420247814017
39.52633541917035 2.134732639896123
40.973989197850614 2.1405232550108435
42.421642976530876 2.148485350793585
43.869296755211124 2.1607904079123674
45.31695053389139 2.1738192919204895
46.76460431257165 2.1926387910433327
48.21225809125191 2.2056676750514552
49.65991186993216 2.216525078391557
51.10756564861242 2.2114582901661763
52.555219427292684 2.2020485406047547
54.002873205972946 2.1861243490392717
55.450526984653195 2.1629618885803876
56.89818076333346 2.1318373323387623
58.34583454201372 2.0985412954291163
59.79348832069398 2.0674167391874905
61.09637672150622 2.031225394720484
62.25449974445041 1.9977484010885032
63.2678573895266 1.9600490839353713
64.13644965673475 1.9214449831705644
65.14980730181094 1.8837456660174328
66.30793032475515 1.852078239608802
67.46605334769936 1.817696462365146
68.62417637064355 1.7824099015098145
69.92706477145579 1.746761427209813
71.37471855013605 1.7293895818656502
72.82237232881631 1.7149130440788476
74.27002610749656 1.6989888525133645
75.71767988617682 1.6823408340585417
77.16533366485709 1.6664166424930587
78.61298744353735 1.650492450927576
80.0606412222176 1.640358874476814
81.50829500089786 1.6512162778169162
82.95594877957812 1.6526639315955962
84.40360255825838 1.6410827013661542
85.85125633693865 1.650492450927576
87.2989101156189 1.6678642962717392
88.74656389429916 1.6649689887143786
90.19421767297942 1.661349854267678
91.64187145165968 1.6722072576077798
93.08952523033993 1.6772740458331608
94.53717900902019 1.6722072576077798
95.98483278770046 1.6642451618250385
97.43248656638072 1.6468733164808753
98.59060958932491 1.6077866644565082
99.45920185653307 1.5764208325851026