-4.4823394527095175 1.11413672592654
-3.0346856740292587 1.1213749948199414
-1.587031895349 1.1286132637133426
-0.13937811666874111 1.1300609174920229
1.3082756620115177 1.1300609174920229
2.7559294406917765 1.1293370906026825
4.203583219372039 1.1213749948199414
5.651236998052294 1.1155843797052203
7.098890776732556 1.1155843797052203
8.546544555412812 1.1112414183691792
9.994198334093074 1.1068984570331386
11.44185211277333 1.1083461108118189
12.889505891453592 1.1083461108118189
14.337159670133847 1.1083461108118189
15.78481344881411 1.1083461108118189
17.232467227494364 1.1047269763651182
18.680121006174627 1.1011078419184175
20.127774784854882 1.0996601881397374
21.575428563535144 1.1054508032544585
23.0230823422154 1.1083461108118189
24.470736120895662 1.1054508032544585
25.918389899575924 1.1011078419184175
27.36604367825618 1.1032793225864381
28.813697456936442 1.1083461108118189
30.261351235616697 1.1083461108118189
31.70900501429696 1.1003840150290773
33.15665879297721 1.093869573025016
34.60431257165747 1.0953172268036964
36.051966350337736 1.1011078419184175
37.499620129017984 1.1011078419184175
38.947273907698246 1.1011078419184175
40.39492768637851 1.1011078419184175
41.84258146505877 1.093869573025016
43.29023524373902 1.093869573025016
44.73788902241928 1.0953172268036964
46.185542801099544 1.1011078419184175
47.633196579779806 1.1054508032544585
49.08085035846007 1.1083461108118189
50.52850413714032 1.1083461108118189
51.97615791582058 1.1061746301437985
53.42381169450084 1.1097937645904992
54.871465473181104 1.1170320334839003
56.31911925186135 1.1228226485986215
57.766773030541614 1.1271656099346623
59.21442680922188 1.1351277057174036
60.66208058790214 1.137299186385424
62.10973436658239 1.137299186385424
63.55738814526265 1.1430898015001452
65.00504192394291 1.1445374552788254
66.45269570262317 1.1423659746108048
67.90034948130342 1.137299186385424
69.34800325998368 1.137299186385424
70.79565703866395 1.131508571270703
72.24331081734421 1.1184796872625806
73.69096459602447 1.1155843797052203
75.13861837470472 1.1155843797052203
76.58627215338498 1.1134128990371996
78.03392593206524 1.1083461108118189
79.4815797107455 1.1083461108118189
80.92923348942576 1.1011078419184175
82.37688726810602 1.0895266116889752
83.82454104678628 1.0866313041316151
85.27219482546654 1.0866313041316151
86.71984860414679 1.0866313041316151
88.16750238282705 1.0837359965742546
89.61515616150731 1.0736024201234926
91.06280994018758 1.0721547663448123
92.51046371886783 1.0721547663448123
93.95811749754809 1.0721547663448123
95.40577127622835 1.0620211898940508
96.85342505490861 1.0518876134432888
98.30107883358887 1.0432016907712072
99.45920185653307 1.0432016907712072