-4.595961970337619 7905869538075139
-3.065125018692079 8554044827923139
-1.5359899424791479 8806018274132295
-0.007563981029825584 8879364522914748
1.5210038033722242 8990530938144480
3.048082446770721 8715186869624966
4.573175568831154 7971718353729388
6.0998287433715035 7632026253489684
7.627120121199084 7444455644245534
9.15228415473588 6823524655770533
10.678086391559908 6372205387002274
12.20537776938749 6215597114576303
13.733094616073224 6138742293154342
15.260669639806238 6037745402661499
16.78796101763382 5889357078771700
18.31532330693775 5756540356687523
19.842685596241694 5626718915994718
21.369976974069274 5488432298514054
22.896417414180533 5221971454135268
24.421155978859176 4727231353342030
25.94724186158865 4451333779359295.5
27.475029619750742 4405419623094390.5
29.002746466436477 4350947344376756.5
30.529612375405904 4191538542165248.5
32.05541461222994 3914303212142063.5
33.58291872448659 3841928537808576
35.11070648264868 3802300211561396.5
36.63721783423631 3625209934563685
38.16408374320572 3492390498313570
39.691233298080576 3392460014186237
41.2165391545701 3122422785420204
42.74156136515418 2850141189465343
44.26899456593448 2791647742604723.5
45.79671141262021 2757129483976319.5
47.3248537281641 2757129483976319.5
48.85292513223163 2751418079869808
50.37993286415377 2661628111194585
51.90538054359601 2459945561342902.5
53.43182098370727 2340516344446350.5
54.9598923877748 2335667956026893.5
56.488034703318704 2335667956026893.5
58.01617701886259 2335667956026893.5
59.54417751145377 2326001288747518.5
61.06997974827779 2172155695194379.8
62.59521469329094 1995112297468851.8
64.1230733629294 1978632063715466.2
65.65121567847329 1978632063715466.2
67.17935799401718 1978632063715466.2
68.70750030956107 1978632063715466.2
70.23514624477045 1950118544840948.8
71.76038118978362 1791172473935424.8
73.28696345284759 1711294442856817.2
74.81510576839148 1711294442856817.2
76.34324808393536 1711294442856817.2
77.87139039947925 1711294442856817.2
79.40010000683402 1739920263576258.8
80.92661135842164 1658884326304982.2
82.45163356900574 1514226250537693.5
83.97963406159691 1507959297518169.5
85.50784728861716 1511089525158718.5
87.03598960416105 1511089525158718.5
88.56200457541415 1419949576657810
90.08738134338003 1309635588795201.8
91.61545274744755 1306922673742294.5
93.14402053184962 1323284870411605.8
94.67244649329892 1334306648733412.5
96.19902875636292 1274802726298887
97.72504372761601 1197914194620729.2
99.2521932824909 1163637344575106
100.16844046853 1142121925535863.5