-4.838774503535085 3528286192213887
0.26906168824798016 3802300211561396.5
1.7976294726500228 3849903627668001
3.3249917619539673 3763080639466122.5
4.85150311354159 3587816994901317
8.146774576611797 2910965933298189.5
11.863088073000931 2127576544449332.2
13.234781943827016 1913069230337361.5
14.454016140480505 1738117203642465.2
15.825975929342938 1575076710880802.5
17.35057267106886 1419949576657810
18.876445819369252 1328784331920921.8
20.40217714471693 1238325804927291.2
21.926915709395573 1121004322241008.2
23.45243430031416 1038211856728655.1
24.978520183043628 977618221439563.5
26.503116924769557 881333950325370.5
28.0278554894482 797834595484741.5
29.553657726272235 745064488480341.6
31.079814520478052 703036289964462.6
32.60582949173117 660633315028281.4
34.13141899412612 613111897756594.9
35.503733340370346 561390778490945
36.87576404070914 509786701605650.9
38.400715339816855 464368330356922.2
39.926233930735464 430072120954938.44
41.4516816101777 397483780904912.5
42.977200201096295 368127371148613.1
44.50342790677847 348082800355740
46.02908832064979 323714693794952.75
47.55425235418659 296714131979884.8
48.92541438893997 262681450773771.7
50.29732099419513 237671236856271.28
51.82291049659008 220574802626880.7
53.34949275965407 210738183766456.3
54.87692596043436 206413204078008.3
56.40308275464021 194769681602547.5
57.92923954884604 183782956332682.7
59.45695639553176 181510510736711.78
60.983113189737594 171271719469769.8
62.50905724951434 160608235042944.72
64.03656136177099 157638621276067.38
65.56427820845673 155689446021615.22
67.09199505514246 153764371994018.6
68.61829367230101 145693692170327.9
70.14395408617233 135494166619474.19
71.66947267709092 125487161388181.17
73.19619676310764 120389269808669.97
74.72355905241156 117674252197031.12
76.2498576695701 111497846046122.89
77.77530534901234 103049193960215.64
79.30124940878909 96633286661604.92
80.82776076037672 92132638488146.9
82.35554851853882 91182318298666.16
83.88191804717373 86575744745414.77
85.40779119547412 81017308665894.98
86.93345160934543 75345559275172.28
88.4606011642203 73189638217991.4
89.98874347976418 73189638217991.4
91.51688579530807 73189638217991.4
93.04410626165931 71242986320307.39
94.56969576405423 66118255847906.91
96.09684531892911 64226362796506.516
97.62449125413848 63300814463684.36
99.15178263196604 61745084446485.44
100.06810072948151 60729231160175.11