-4.624326560881357 3449207672410295.5
-3.093773255141251 3701169025472532.5
-1.5652763822155578 3739743342458710.5
-0.03819773881706112 3625209934563685
1.4898027537741072 3610206218746595.5
3.017235954554401 3536113957495585
4.544172775000185 3413630142638095.5
6.070187746253296 3207740239875050
7.442732554795697 2957001835143207
8.50921161279176 2691227707526654.5
9.575217927612108 2415713678679901.5
10.793920288192908 2160924094278125.8
12.012445370082801 1923012582895275
13.23167956673629 1747151227016390.8
14.450913763389785 1587372561789994.5
15.82278491290677 1434748572514908
17.347665300538132 1304215378503138.8
18.87360936031488 1223014112929638.2
20.39934068566256 1139756015667079.2
21.924079250341194 1031773233489231
23.449739664212508 959542258346138.1
24.975683723989256 899800556911528.2
26.34782079154259 819634723603397.1
27.719886947619564 745064488480341.6
29.245760095919962 697228996605376.6
30.771845978649424 656536300543897.9
32.29779003842617 615659939646900.2
33.66996256171768 561390778490945
35.042064173532836 510844918778207.6
36.56772458740414 475082383530554.1
38.09338500127545 441823463138067.56
39.618903592194044 409192318807346.25
41.14420944868357 376620922433913
42.66951530517309 346642184360634.1
44.19411204689901 312501873422638.9
45.71899243453038 284070503317829.25
47.24401464511445 259298979625316.22
48.76932050160397 238658978685857.34
50.29498091547528 221951265985425.06
51.82078315229931 207271040131472.5
53.34630174321791 191962909644080.84
54.87174942266013 177417087509450.62
56.39726801357874 164313839103089.56
57.92307025040277 153445848518517.2
59.45071618561215 151234582877884.03
60.97829120934516 148746414801064.53
62.50579532160181 145996123690220.9
64.03173938137856 136906313672739.98
65.55825073296619 130529968917709.44
67.08561302227012 127586258360934.12
68.61205346238138 121392004649689.72
70.13806843363452 114070359659110.67
71.66507616555666 110347779621021.23
73.19165842862063 105426777596767.8
74.7173897539683 98249728035006.23
76.24269561045782 90429124645535.28
77.76793055547097 83058621915914.81
79.29359096934229 77243967047674.7
80.82031505535899 74105945876231.83
82.34781916761565 72735741932314.28
83.87390505034513 68490632429312.586
85.40020366750367 64895742676304.195
86.92820416009484 64627157601665.91
88.45471551168247 61617179271587.125
89.98058865998286 57661161874467.734
91.50837641814495 57066404498825.3
93.03651873368885 57066404498825.3
94.56423558037456 56360787927141.98
96.09166878115487 55204095491755.17
97.61881833602972 53624497794714.78
99.1440532810429 49253787485179.72
100.05923679493658 46862538930340.57