-90.29437850862577 26.316884981159205
-84.73440824382867 31.63230883596941
-79.82594652790239 38.475917049037434
-74.57881110456026 55.23334444131143
-69.66112122221938 69.70403219604731
-65.07933659736997 76.54902463407757
-59.827587090820536 97.11999179718543
-54.577683217554025 116.16554305195976
-49.6470739022327 141.3141421650304
-44.72384712004306 160.36107764476688
-39.47394324677654 179.4066288995412
-34.883853272154 193.11599292507245
-29.646868831867934 201.48363282151192
-24.732870216092905 212.90348875958068
-19.495885775806812 221.27112865602012
-14.261669785445136 227.3506446899593
-9.690958960293244 225.0431416779883
10.563020686473052 224.9573197303325
15.139268411473694 227.22606444336216
20.358719335572033 221.10225321063294
25.249647535310572 213.45441029453232
30.461715926277222 201.22893542846893
35.35172130937427 192.81838455820156
40.561944067058036 179.0674937838046
45.11143010945632 159.21770782599782
50.31519315064985 140.12786137243344
55.51157365871167 114.93635128553487
60.38865960882829 95.84788905693267
65.59149983338035 75.99533464920154
70.15667375868345 69.11158391222989
75.03929660864888 54.59936940862838
79.9191510086899 37.79903104252645
85.46527902386508 31.673835584835103
90.35805285688654 25.551408577068003