-89.69798657718121 20.44386422976504
-84.86577181208054 23.96866840731076
-79.42953020134229 28.90339425587473
-74.8993288590604 43.70757180156659
-69.76510067114094 53.57702349869459
-64.63087248322148 64.15143603133163
-59.79865771812081 77.54569190600529
-54.664429530201346 97.28459530026115
-50.13422818791947 118.43342036553528
-45.000000000000014 144.5169712793734
-39.86577181208054 164.25587467362925
-34.73154362416108 179.06005221932116
-29.59731543624163 192.45430809399483
-25.067114093959745 205.14360313315927
-19.932885906040283 215.01305483028722
-14.798657718120808 226.99738903394257
-9.966442953020149 224.177545691906
9.96644295302012 224.177545691906
15.100671140939582 226.2924281984334
20.23489932885903 215.01305483028722
25.06711409395973 205.14360313315927
29.899328859060404 191.74934725848567
34.73154362416105 179.06005221932116
39.86577181208054 163.55091383812015
44.69798657718118 145.22193211488252
50.13422818791943 119.13838120104441
54.66442953020132 97.28459530026115
59.49664429530199 76.84073107049613
64.93288590604024 64.15143603133163
69.76510067114091 53.57702349869459
74.89932885906038 43.70757180156659
79.42953020134226 28.198433420365575
84.56375838926172 23.96866840731076
89.69798657718118 20.44386422976504