-90.30508474576271 5.326538804638631
-85.11864406779662 6.057537912578027
-79.93220338983052 6.788537020517367
-75.05084745762713 7.518331846565502
-69.86440677966102 8.959857270294322
-64.98305084745763 11.821231043710895
-60.10169491525425 13.972078501338046
-54.91525423728814 18.966235504014207
-50.033898305084755 26.801293487957196
-44.84745762711865 35.348082069580755
-39.661016949152554 51.000133809099
-35.08474576271186 74.46556645851916
-30.203389830508485 95.80062444246207
-25.01694915254238 121.400044603033
-19.830508474576277 147.70999107939338
-14.949152542372886 215.2292595896521
-9.762711864406782 226.6181534344335
10.372881355932208 227.40816235504013
14.949152542372886 215.3472792149866
20.135593220338976 147.86775200713646
25.01694915254238 120.88702051739517
30.203389830508456 96.03907225691347
35.389830508474574 74.74375557537917
40.27118644067798 51.315655664585165
44.847457627118644 35.70214094558435
50.03389830508473 27.196297948260508
55.22033898305085 18.69045495093667
60.10169491525423 14.446565566458503
65.28813559322035 11.624933095450501
69.86440677966101 9.51141837644957
75.35593220338981 8.112042818911675
79.9322033898305 7.419580731489702
85.42372881355931 6.020205173951808
90.61016949152543 6.0406779661016685