-89.98703109570289 10.732531182586058
-85.22439171176823 12.827772103293512
-80.16270465227656 16.308778591983867
-75.39472513127838 23.250193897833867
-70.32998656489326 29.50044289231988
-65.2644851217848 36.44300251325495
-59.899173126395965 45.46363832862187
-54.8260429160539 59.32930421404626
-49.7498611988184 75.96421260526637
-45.26338318873995 97.44300675145897
-39.87899927526711 123.7714082280493
-35.09499934307837 145.25134668932697
-30.016528995672786 163.96318695989387
-24.93958440171393 181.29040597756295
-20.163976113482164 195.15492754790233
-15.072536861779454 225.6360484681012
-10.015427062627936 224.96319119809795
9.918541718761261 225.0398603087956
14.97717727135948 225.75162429169018
20.299768170240185 196.00286502591663
25.044098512814216 181.48265091184962
30.379658315992017 163.50317229570803
34.822652352838944 145.52026073431128
39.85611297356631 123.38577404439098
44.88575921067688 97.789734222226
49.91998270812762 76.34755815875468
54.95954634264184 59.751556480425904
59.70463956193923 45.92365299280783
64.75335771713377 37.635378831866205
69.50531682694144 30.038270982288566
74.85384553441632 23.828073015778898
80.20084848844455 16.233253796371287
84.65986293648204 12.788865390402236
89.71773561235692 12.808318746847874