-90.30456852791879 8.503937007874015
-84.82233502538071 8.503937007874015
-79.94923857868021 9.921259842519646
-74.77157360406092 12.75590551181108
-70.20304568527919 17.00787401574803
-65.0253807106599 19.133858267716562
-59.84771573604061 24.803149606299257
-54.974619289340104 36.14173228346459
-49.79695431472081 45.354330708661394
-44.619289340101524 58.81889763779526
-40.050761421319784 85.03937007874018
-35.17766497461929 106.29921259842524
-29.999999999999986 126.14173228346459
-24.82233502538071 151.65354330708666
-19.949238578680195 177.1653543307087
-15.380710659898469 221.8110236220473
-9.898477157360404 226.77165354330714
9.593908629441643 226.77165354330714
14.771573604060919 221.8110236220473
19.949238578680223 177.1653543307087
25.126903553299513 151.65354330708666
30.00000000000003 126.14173228346459
35.17766497461932 105.59055118110237
39.74619289340103 84.33070866141736
44.92385786802035 58.11023622047247
50.10152284263961 45.354330708661394
54.974619289340126 36.14173228346459
60.15228426395939 25.511811023622045
64.72081218274113 19.133858267716562
69.89847715736042 17.00787401574803
75.07614213197974 12.75590551181108
79.94923857868022 9.921259842519646
85.12690355329951 8.503937007874015
89.69543147208125 8.503937007874015