-90 42.16546090645727
-84.69613259668509 49.15100761449446
-79.72375690607734 56.135129573050165
-74.75138121546962 80.91294780667732
-70.11049723756906 91.76383985815835
-64.80662983425415 105.7121372825278
-59.83425414364641 125.84812170526686
-54.86187845303868 152.17321787585686
-49.55801104972376 173.85790498504016
-44.9171270718232 190.12426981589073
-39.94475138121547 200.20294764837183
-34.97237569060775 209.50798651237162
-30 214.94483053396448
-24.69613259668509 219.60946033655753
-19.72375690607734 227.36722126359453
-15.082872928176798 228.93444569329895
-9.779005524861887 226.63632477955963
9.779005524861873 226.72038499897104
14.751381215469607 229.0626731466384
20.055248618784518 227.53819120138047
25.027624309392266 219.82317275878995
30.331491712707177 215.2041349396065
35.303867403314925 209.8100334024601
39.944751381215454 200.54631227342526
44.9171270718232 191.284015893872
50.22099447513811 174.28675457898657
55.19337016574583 152.6462347037313
60.16574585635361 126.36388101758777
64.80662983425414 106.26921432981368
70.11049723756905 92.36650888885373
75.0828729281768 81.5569345723377
80.05524861878452 56.821858823157015
85.02762430939224 49.10684038056644
89.66850828729282 42.16403615697578