-90.26621326208405 53.99999999999994
-85.2266213262084 63.391304347826065
-79.85183385960651 72.78260869565213
-75.45931503521983 100.95652173913044
-70.4187515180957 111.13043478260869
-65.36944376973526 128.3478260869565
-59.98008258440613 149.4782608695652
-54.92105902356086 174.52173913043475
-49.87077969395191 192.52173913043475
-45.16346854505708 204.26086956521738
-39.78770949720671 214.4347826086956
-35.08914257954824 219.13043478260866
-29.72212776293418 222.26086956521735
-24.686422152052472 228.52173913043472
-20.3249939276172 231.65217391304344
-14.963808598494055 230.0869565217391
-9.939761962594133 226.95652173913038
10.171969880981294 226.95652173913038
15.203789166869072 230.0869565217391
20.23463687150837 232.4347826086956
25.59290745688608 228.52173913043472
30.613067767792074 222.26086956521735
34.966723342239504 219.13043478260866
40.3230507651202 213.6521739130434
45.33932475103231 204.26086956521738
50.35268399319892 192.52173913043475
55.35827058537768 174.52173913043475
60.01991741559388 149.4782608695652
65.0216176827787 128.3478260869565
70.02914743745444 111.91304347826087
75.04250667962108 100.17391304347825
80.37260140879278 73.56521739130432
85.05270828273012 63.391304347826065
90.0689822686422 53.99999999999994