-89.04781704781703 67.29729729729735
-84.9064449064449 77.02702702702709
-79.38669438669437 91.62162162162161
-74.58004158004158 122.43243243243245
-70.0925155925156 132.1621621621622
-64.92203742203742 149.18918918918922
-59.75675675675676 170.2702702702703
-54.59043659043661 190.54054054054055
-49.76299376299377 205.13513513513516
-44.93035343035345 215.67567567567568
-39.74428274428274 220.54054054054055
-34.557172557172564 224.5945945945946
-29.717255717255725 229.45945945945945
-24.873180873180885 231.0810810810811
-20.02806652806653 231.8918918918919
-14.833679833679838 230.2702702702703
-9.638253638253644 227.83783783783787
10.091476091476096 228.64864864864867
14.934511434511421 231.0810810810811
20.471933471933454 231.8918918918919
24.97297297297297 231.0810810810811
29.476091476091483 228.64864864864867
34.67463617463619 223.78378378378378
39.52494802494803 220.54054054054055
45.06964656964655 215.67567567567568
49.58212058212058 205.94594594594597
54.794178794178805 190.54054054054055
59.665280665280676 171.0810810810811
64.88461538461539 150.00000000000003
70.10083160083158 131.35135135135135
75.30353430353429 123.24324324324326
79.49688149688149 92.43243243243245
84.7079002079002 77.83783783783787
89.91164241164242 68.9189189189189