-4.4823394527095175 1.885736189963118
-3.0346856740292587 1.89731742019256
-1.587031895349 1.9117939579793628
-0.13937811666874111 1.9233751882088048
1.3082756620115177 1.9320611108808865
2.7559294406917765 1.9364040722169271
4.203583219372039 1.9233751882088048
5.651236998052294 1.9117939579793628
7.098890776732556 1.9002127277499206
8.546544555412812 1.8900791512991588
9.994198334093074 1.8813932286270774
11.44185211277333 1.874154959733676
12.889505891453592 1.8654690370615943
14.337159670133847 1.858230768168193
15.78481344881411 1.8538878068321523
17.232467227494364 1.846649537938751
18.680121006174627 1.84085892282403
20.127774784854882 1.8336206539306286
21.575428563535144 1.829277692594588
23.0230823422154 1.824934731258547
24.470736120895662 1.8198679430331663
25.918389899575924 1.813353501029105
27.36604367825618 1.8046675783570234
28.813697456936442 1.8032199245783433
30.261351235616697 1.8032199245783433
31.70900501429696 1.8003246170209828
33.15665879297721 1.8010484439103227
34.60431257165747 1.8032199245783433
36.051966350337736 1.8032199245783433
37.499620129017984 1.8032199245783433
38.947273907698246 1.8024960976890032
40.39492768637851 1.8003246170209828
41.84258146505877 1.8090105396930645
43.29023524373902 1.8148011548077854
44.73788902241928 1.819144116143826
46.185542801099544 1.8307253463732682
47.633196579779806 1.8452018841600708
49.08085035846007 1.8604022488362135
50.52850413714032 1.8770502672910363
51.97615791582058 1.8922506319671792
53.42381169450084 1.9096224773113422
54.871465473181104 1.9233751882088048
56.31911925186135 1.9277181495448454
57.766773030541614 1.9277181495448454
59.21442680922188 1.9103463042006825
60.66208058790214 1.89731742019256
62.10973436658239 1.8842885361844377
63.55738814526265 1.8596784219468734
65.00504192394291 1.8336206539306286
66.45269570262317 1.8119058472504248
67.46605334769936 1.795981655684942
71.95378006160816 1.7416946389844323
73.3290511513544 1.7272181011976298
76.00721064191288 1.7055032945174258
78.13043618397725 1.6886140004328227
88.74656389429916 1.623710856021991
90.19421767297942 1.6135772795712293
91.64187145165968 1.6063390106778281
93.08952523033993 1.5896909922230051
94.53717900902019 1.5636332242067603
95.98483278770046 1.5491566864199577
97.3359763144687 1.5317848410757946
98.30107883358887 1.517308303288992