-4.4823394527095175 2.265021479977346
-3.0346856740292587 2.2968698631083115
-1.587031895349 2.326546765571257
-0.13937811666874111 2.354052187366182
1.3082756620115177 2.389519704943848
2.7559294406917765 2.4119583385133923
4.203583219372039 2.405443896509331
5.651236998052294 2.3924150125012087
7.098890776732556 2.3750431671570458
8.546544555412812 2.3424709571367397
9.994198334093074 2.3026604782230327
11.44185211277333 2.277326537096128
12.889505891453592 2.253440249747904
14.337159670133847 2.2288301355103393
15.78481344881411 2.2121821170555167
17.232467227494364 2.2006008868260745
18.680121006174627 2.191191137264653
20.127774784854882 2.183229041481911
21.575428563535144 2.170923984363129
23.0230823422154 2.1615142348017073
24.470736120895662 2.1564474465763266
25.918389899575924 2.1463138701255646
27.36604367825618 2.136180293674803
28.813697456936442 2.1289420247814017
30.261351235616697 2.126046717224041
31.70900501429696 2.1173607945519595
33.15665879297721 2.1130178332159186
34.60431257165747 2.1072272181011975
36.051966350337736 2.1007127760971365
37.499620129017984 2.092750680314395
38.947273907698246 2.097093641650436
40.39492768637851 2.103608083654497
41.84258146505877 2.115913140773279
43.29023524373902 2.130389678560082
44.73788902241928 2.1455900432362247
46.185542801099544 2.163685715469728
47.633196579779806 2.1781622532565303
49.08085035846007 2.181057560813891
50.52850413714032 2.181057560813891
51.97615791582058 2.1781622532565303
53.42381169450084 2.170200157473789
54.58193471744505 2.159101478503907
72.33982106925622 1.7030905382196253
76.20023114573692 1.6934395130284237
77.74439517632919 1.678721699611841
79.19204895500945 1.6642451618250385
80.6397027336897 1.6642451618250385
82.08735651236996 1.6743787382758002
83.53501029105023 1.6664166424930587
84.69313331399444 1.657248168561417
87.00937935988284 1.6374635669194535
88.4570331385631 1.6425303551448345
91.06280994018758 1.650492450927576
92.51046371886783 1.6512162778169162
93.81335211968006 1.6195488514082854
95.1162405204923 1.5911386460016852
96.56389429917256 1.578833588882903
98.01154807785282 1.5650808779854406
99.31443647866504 1.550785296920973
57.34463276836158 2.115819209039548
60.73446327683615 2.042372881355932
63.67231638418079 1.9406779661016949
68.64406779661017 1.7994350282485876
70 1.765536723163842