-4.4823394527095175 1.5600140897600598
-3.0346856740292587 1.5795574157722432
-1.587031895349 1.5933101266697056
-0.13937811666874111 1.600548395563107
1.3082756620115177 1.600548395563107
2.7559294406917765 1.5991007417844267
4.203583219372039 1.5918624728910256
5.651236998052294 1.5831765502189439
7.098890776732556 1.5759382813255425
8.546544555412812 1.567252358653461
9.994198334093074 1.5592902628707197
11.44185211277333 1.5571187822026993
12.889505891453592 1.5498805133092979
14.337159670133847 1.5484328595306178
15.78481344881411 1.5498805133092979
17.232467227494364 1.5498805133092979
18.680121006174627 1.5498805133092979
20.127774784854882 1.5455375519732573
21.575428563535144 1.5426422444158967
23.0230823422154 1.5426422444158967
24.470736120895662 1.5419184175265566
25.918389899575924 1.5426422444158967
27.36604367825618 1.5426422444158967
28.813697456936442 1.5375754561905157
30.261351235616697 1.5325086679651347
31.70900501429696 1.5310610141864547
33.15665879297721 1.5281657066290941
34.60431257165747 1.5281657066290941
36.051966350337736 1.5281657066290941
37.499620129017984 1.5281657066290941
38.947273907698246 1.5281657066290941
40.39492768637851 1.5281657066290941
41.84258146505877 1.5281657066290941
43.29023524373902 1.5281657066290941
44.73788902241928 1.5310610141864547
46.185542801099544 1.5426422444158967
47.633196579779806 1.555671128424019
49.08085035846007 1.5679761855428012
50.52850413714032 1.5802812426615833
51.97615791582058 1.5918624728910256
53.42381169450084 1.6041675300098077
54.871465473181104 1.6164725871285897
56.31911925186135 1.628053817358032
57.766773030541614 1.6367397400301134
59.21442680922188 1.6367397400301134
60.66208058790214 1.6323967786940727
62.10973436658239 1.6251585098006713
63.55738814526265 1.6164725871285897
65.00504192394291 1.6077866644565082
66.45269570262317 1.5962054342270662
67.90034948130342 1.5824527233296037
69.34800325998368 1.5665285317641209
70.79565703866395 1.5542234746453387
72.24331081734421 1.5455375519732573
73.69096459602447 1.5325086679651347
75.13861837470472 1.5209274377356927
76.58627215338498 1.5093462075062507
78.03392593206524 1.4999364579448289
79.4815797107455 1.4977649772768087
80.92923348942576 1.4905267083834073
82.37688726810602 1.4847360932686862
83.82454104678628 1.4847360932686862
85.27219482546654 1.4818407857113256
86.71984860414679 1.477497824375285
88.16750238282705 1.4688119017032035
89.61515616150731 1.4579544983631016
91.06280994018758 1.4507162294697002
92.51046371886783 1.4449256143549791
93.95811749754809 1.4232108076747751
95.40577127622835 1.4080104429986326
96.85342505490861 1.4007721741052312
98.30107883358887 1.383400328761068
99.45920185653307 1.366511034676465